30 20
7 52 59 54 30 49 54 43 16 13 4 98 97 15 96 13 13 41 41 64
0.5533485269527412 0.9772806875752655 0.31791213851489974 0.12031513829489193 0.7376861494616381 0.9103627107567289 0.07864503476426266 0.9441907580548701 0.49492913489974644 0.6477005654582536 0.5119165195169001 0.5665149728179738 0.3934712026999423 0.9558675867686391 0.8666511337819408 0.46912836055464513 0.9310232468447442 0.2926287240959472 0.7749176382607516 0.7427117070995443 
0.7404674515748502 0.8449499174134335 0.4842555107865074 0.6741902751739779 0.9600833731632615 0.6195710726772697 0.17217473272889772 0.3261093445694486 0.20653180059398324 0.8821935985354079 0.31881153397801154 0.10178551642953826 0.6407387708967729 0.17590436557830003 0.7436056703712663 0.9277342428494022 0.07483049993451996 0.7402768745753423 0.44799746999886514 0.47881922199832716 
0.9325275889143471 0.399662363284885 0.848525797454994 0.8217642251029027 0.14591508150659882 0.8925027906721889 0.3333407709566538 0.95911383170276 0.7482619731670147 0.1730682254393341 0.33002807767262055 0.018424521357729873 0.005572354880226893 0.4328418064604268 0.23377426292883685 0.25041267632829567 0.4188079897810425 0.4608451078443986 0.6122855367706571 0.5749820208272391 
0.824229443516018 0.4905178747066794 0.07750512046343228 0.14549750386594817 0.12106140789772801 0.8653355829773601 0.09405721249965393 0.28936876863898153 0.8636953372036905 0.6961692022475111 0.7804782603731358 0.2269508933520168 0.06990019417752202 0.180461550373628 0.45167920034237785 0.17096612094163 0.11702009761084176 0.40661498892141723 0.24971516599683963 0.7650949572375026 
0.5248956474951795 0.27655560660995626 0.7148216292427766 0.33308087177835577 0.7572529618779308 0.6452593098028605 0.5598094101475495 0.07863767734031968 0.912562973589686 0.8980953549821661 0.22829300133014696 0.20164447512499073 0.32088068232766154 0.9651636226958843 0.040860163592148946 0.8775578059261872 0.6149325501928239 0.20637173636619288 0.8631732290500832 0.18466660842589622 
0.801727190762507 0.6918187756225095 0.26612508394188017 0.357760012247443 0.22522339020528181 0.1491226601916683 0.09055655782746519 0.19697453630199824 0.08109606697959626 0.2526481229233176 0.17767344711589406 0.06703113903043723 0.32139986717965907 0.9891633373918216 0.7811854767050621 0.6847692003889452 0.36993680311915866 0.5502726917606525 0.8383212515328673 0.8118289735692616 
0.05839293500778264 0.5740442589827836 0.844257050952171 0.04452954613391369 0.5888163807286493 0.5865700895982287 0.5481291348412984 0.124434971611184 0.12976721154549709 0.1787685574122052 0.06868295045022188 0.5807961689712078 0.8614771447081692 0.7945577293691297 0.31374472158476907 0.06000173519451224 0.8996151059182782 0.0035992547460178548 0.7800842129689942 0.3973657981557607 
0.5477624090629183 0.7851323683797902 0.908870174557558 0.34302701790038415 0.7554591580751542 0.6589885595163418 0.17680221730605428 0.866427350497395 0.4916910393986156 0.46569663451949084 0.014136829017216357 0.13278505122862871 0.9829441056104145 0.21965966414530647 0.4582068830513162 0.5701714671557233 0.41046211180949677 0.7377040962387061 0.17466749624497557 0.9272467047888715 
0.713099600551428 0.6798728396893388 0.1085837284115283 0.8594041986833167 0.6001710644581792 0.23015397454892828 0.5636082634665319 0.37501980300825455 0.7429549644721828 0.8919066448971316 0.9498805122839451 0.42369644600322287 0.3840184936510669 0.7760669566497573 0.7899105777897557 0.014840388340625066 0.2802874187209278 0.31978594946830363 0.8265952335750165 0.5176003514996811 
0.9787928840487151 0.5889730082702084 0.23864521020387075 0.21214690187907392 0.9132846491303077 0.19028759595654154 0.03608625120625886 0.7374636146087648 0.705408581277023 0.34644289019918195 0.6821291033634902 0.8122678105863589 0.35590335806520956 0.8732553182478472 0.8675862754513974 0.49337346998018405 0.7192800209071873 0.6376940600252128 0.15014660234450372 0.2797544210770938 
0.7697047004296133 0.5732547932117491 0.8632010014975245 0.570761146134785 0.6863138573464151 0.48230285082495905 0.29754597523765824 0.3433899232563017 0.7129481745312797 0.6646004658078405 0.6641739794121719 0.426198252116337 0.0802998054416526 0.8770537642827375 0.7574928345255334 0.4164059343616332 0.017724916579631267 0.2517851062018883 0.5556988564874896 0.11191631984407369 
0.02748178618426189 0.5779569876696053 0.21866150766978598 0.3114378325830086 0.14591196226508052 0.7873434187989133 0.07356010185569095 0.9735807484989069 0.8740905096928706 0.574465977992675 0.21464555807243213 0.019750128455245597 0.8247284018434162 0.8291810715294149 0.2858837591288905 0.5158503861003584 0.9026186174757479 0.9629257980600676 0.8638689593234579 0.5742630514387177 
0.012674910217118973 0.26940024922930583 0.6132792699022676 0.08025395735422391 0.8726198971295407 0.17628365289142112 0.04827880352356073 0.26591172654347883 0.4966377945040523 0.6166530919991499 0.30065350409174907 0.2299147442913705 0.31181350521121065 0.7770929445187078 0.7691012179576663 0.7328690066531894 0.670938988431336 0.1640541000315231 0.9039786583433354 0.985654542513166 
0.7332748082975534 0.27084201793579676 0.6679413187539601 0.6921635216687936 0.299112830571045 0.12468306695777198 0.40529477850565165 0.30800838152032717 0.20449375561739813 0.6466389087909343 0.9515088087488511 0.33322374935796295 0.3091913314270205 0.06670930282802057 0.8192286046557512 0.46968100958894576 0.9440822070063527 0.6022831389207082 0.20825020465480137 0.6428798403936091 
0.9232790271597597 0.23016905895298734 0.4043096362307842 0.21297659441757333 0.8719114946476447 0.660756205595796 0.8551690995857609 0.18135399501690097 0.6721984171535133 0.5574267145557916 0.8423648251829167 0.8367328709771242 0.2884612921716343 0.635161520004419 0.20311569190630285 0.0787710865551855 0.0959877463142288 0.5193514362966299 0.9992731895908834 0.60729083761019 
0.1091613750513517 0.14914561220715694 0.37882677039236035 0.27172033668082884 0.18103179402634417 0.06924044431320997 0.130361524677561 0.13803137337255422 0.329507010590511 0.16983117182452934 0.5919973792190792 0.24939967058614965 0.8346074679099723 0.3065200221451174 0.6437224515128814 0.6320100192245344 0.6467297924093512 0.7602938683508684 0.4856655986328481 0.8288737432249789 
0.9476249760651886 0.6822556947576447 0.7847361070113421 0.13222115450390604 0.41380472477998076 0.5086137066204057 0.558191433855022 0.7289770636303408 0.8463462492850926 0.8285027045826777 0.8550766037447238 0.17402280383745772 0.3515750662427709 0.34053242173484155 0.8951113598331085 0.9623933053163355 0.1838615135842272 0.3435279937253314 0.8294848239495932 0.4842533580769951 
0.6947761178350881 0.6727479446498004 0.6991493281224189 0.31544220742197804 0.5721054982595102 0.11493520223354159 0.48358831117175227 0.6215713773616162 0.6977391151866196 0.11387753958699032 0.3566661038889192 0.4351052365614616 0.5051944406005823 0.012723510599692678 0.3960499505870815 0.702549961057754 0.6755565364724528 0.1701204880072773 0.02882758285408893 0.29282118307059823 
0.37486505209176246 0.0343120524583268 0.43832647711242156 0.6080564130945535 0.006490216446163322 0.6626517042446545 0.005773665599882238 0.04458313728538876 0.628796882893995 0.2335607181984316 0.6153179733547175 0.31444929094310514 0.7714032432679431 0.813777775934506 0.312068942551626 0.5568679375860903 0.372599286701883 0.01581893389332356 0.37019004471258155 0.24412311227168737 
0.955997110306411 0.20888613633331277 0.30171629767037045 0.11792939428169802 0.966243938476453 0.6310333629264926 0.7166491705768271 0.7799328447784442 0.3916352560913299 0.0912192714451332 0.23101470652427203 0.10398653753040443 0.41572477025042076 0.9469461519693266 0.8119533138249001 0.33802878850977447 0.8605343230348407 0.6965046317990994 0.047542716750131664 0.6198380816122437 
0.6107258230211846 0.8344145271280542 0.8339383844133083 0.6436334024711545 0.04110424574669702 0.5844719208252677 0.8835483426822861 0.3834344953105161 0.7090789916870245 0.7468834289710451 0.27534221457988206 0.10429145224847292 0.21921870072678507 0.17428867554222194 0.9920273166453915 0.3739388036629727 0.21879228770160541 0.32604208911135746 0.01870709594538189 0.4251242332344739 
0.9411967376877698 0.9409458338555095 0.11377031692958717 0.01280736927832593 0.5784303207307816 0.11569596138418847 0.805142096442031 0.8606197751696109 0.03427728075334635 0.9796238242006994 0.5136606902614863 0.8974220243482253 0.28662812317569686 0.7158853349772104 0.9602266767450678 0.7474896857343594 0.6703675060494501 0.8950713114143967 0.17450419030973252 0.3568046599892326 
0.8815192961398627 0.9592816327715182 0.49033651866108996 0.21312429303313052 0.3988463294484883 0.22302714201758378 0.8866712889136722 0.34894556208854943 0.32086023400355956 0.941892893614522 0.9126729882917382 0.2041770650818009 0.32420440586472044 0.8407170192975933 0.22183403605929808 0.46927689086067337 0.5636311603140821 0.9901095833435426 0.43227754130726304 0.22980979477564423 
0.854301717398656 0.07345623368404808 0.6290783754683024 0.08982228781493362 0.40389563529762773 0.8961218831041572 0.32931209826775043 0.46412959550490895 0.6950241740803377 0.4543894796161704 0.1416730052053039 0.8985540296928222 0.8576995433728289 0.003739979761660628 0.6698870177015168 0.1023490543337936 0.017120386465767634 0.3443992110566678 0.4327764128754046 0.35848912285700485 
0.6537909005967669 0.9766482610805322 0.7037173596023197 0.11520077417457908 0.970999728362539 0.8692137084106287 0.20836312266307577 0.856055094589255 0.6289416021821714 0.3311249926243368 0.5618893576275406 0.796137674224414 0.9752732736220241 0.8807460333331517 0.1756503442002757 0.5582573441657724 0.07865272568812953 0.06525852061198112 0.11801772560375967 0.7458499299192197 
0.45481853900966696 0.8996952751521432 0.07530648519789163 0.24817893682699965 0.3640241300433972 0.9666912126043053 0.12607545585155833 0.188630376157632 0.9541493712215725 0.24644115363129526 0.515722471959248 0.6583440404087252 0.32556994365289327 0.4309226347423467 0.9981772341248681 0.7651190240814454 0.8018724092478391 0.8172634488549045 0.5976275408754512 0.07147652105093738 
0.30476118093537197 0.8722029762455803 0.8355977188947705 0.19595838850560632 0.7520110056654103 0.21291728570664326 0.5673303332626022 0.2081848157948305 0.8240765068481452 0.05904807833044068 0.5763058470259698 0.4608906711649945 0.2779783286335371 0.17659570647103695 0.9868667852772943 0.6711041738013337 0.22634275382530122 0.9564072645219459 0.37229662964267773 0.387828072187944 
0.4449803866135932 0.5483105813815039 0.15933601034887834 0.46502786828930365 0.8241460095196159 0.9065153518704687 0.5600014735722653 0.7964275059317407 0.53663073483924 0.19272340240241925 0.7977054646992331 0.36255821015642964 0.36009490212634276 0.23045977927615513 0.8370583506023878 0.5907009414359854 0.8615575683057786 0.6074568685080268 0.1753665263333003 0.13480910694202308 
0.8287171773505603 0.5824945826103249 0.5087232448207093 0.44519269578312237 0.41578496775526674 0.16891878539392158 0.24672186002750807 0.9166908416325487 0.9607708287178163 0.639132026176482 0.9172036712817114 0.9792548037644744 0.32666930890004386 0.22266932944495477 0.4760856912487609 0.22630885222197228 0.920750912542648 0.9550434041334332 0.41719610605164525 0.5639517995916664 
0.254171908457245 0.4753631318400612 0.3631784881909914 0.4080073131876516 0.018373584926199227 0.0678000523911414 0.5109080836232074 0.15612617561280773 0.1752495952397809 0.3952972400684399 0.9034969289927904 0.5185893221455871 0.48481830583300145 0.183486136755876 0.005846540980679826 0.8041557271134467 0.22714398930372337 0.5785963009788802 0.47184077998298357 0.926244202273117
